Suite of useful colors for accessibility

cbPalette <- c("#000000", "#E69F00", "#56B4E9", "#009E73",
                "#F0E442", "#0072B2", "#D55E00", "#CC79A7",
                "#cc0000", "#000066", "#FF6666", "#666633", "#b3b3b3")